samples = [2.01,2.01,2.02,2.04,2.04,2.05,2.07,2.08,2.09,2.09,2.10,2.09,2.10,2.13,2.12,2.14,2.15,2.15,2.18,2.18,2.18,2.18,2.19,2.18,2.22,2.22,2.22,2.24,2.25,2.26,2.28,2.30,2.28,2.30,2.30,2.28,2.32,2.32,2.32,2.36,2.36,2.36,2.38,2.39,2.37,2.38,2.39,2.40,2.41,2.42,2.42,2.44,2.45,2.44,2.48,2.48,2.48,2.48,2.48,2.47,2.50,2.50,2.50,2.53,2.54,2.53,2.56,2.56,2.57,2.57,2.56,2.57,2.58,2.59,2.59,2.60,2.62,2.63,2.64,2.65,2.64,2.64,2.64,2.64,2.66,2.65,2.66,2.68,2.69,2.70,2.71,2.73,2.73,2.73,2.72,2.72,2.76,2.75,2.74,2.77,2.77,2.78,2.79,2.80,2.79,2.80,2.79,2.80,2.81,2.82,2.82,2.84,2.84,2.84,2.85,2.86,2.87,2.87,2.85,2.87,2.86,2.88,2.89,2.89,2.89,2.90,2.91,2.92,2.92,2.91,2.92,2.92,2.92,2.93,2.93,2.95,2.94,2.95,2.96,2.96,2.97,2.97,2.97,2.98,2.97,2.99,2.99,2.99,3.00,3.00,3.01,3.02,3.02,3.01,3.02,3.01,3.02,3.03,3.03,3.04,3.04,3.05,3.05,3.06,3.05,3.06,3.05,3.05,3.06,3.07,3.06,3.08,3.09,3.08,3.09,3.09,3.09,3.09,3.08,3.09,3.09,3.09,3.10,3.11,3.10,3.11,3.11,3.11,3.11,3.10,3.11,3.11,3.12,3.12,3.13,3.12,3.12,3.12,3.12,3.13,3.13,3.14,3.14,3.14,3.14,3.14,3.13,3.14,3.14,3.14,3.14,3.15,3.14,3.14,3.13,3.15,3.14,3.15,3.14,3.14,3.14,3.14,3.13,3.15,3.15,3.15,3.14,3.14,3.15,3.14,3.14,3.14,3.14,3.15,3.14,3.13,3.14,3.14,3.13,3.14,3.13,3.13,3.13,3.14,3.13,3.12,3.12,3.12,3.13,3.13,3.12,3.12,3.12,3.10,3.11,3.10,3.09,3.09,3.09,3.10,3.11,3.10,3.11,3.10,3.10,3.10,3.10,3.09,3.10,3.07,3.08,3.06,3.06,3.06,3.07,3.06,3.06,3.05,3.07,3.05,3.05,3.04,3.02,3.03,3.03,3.03,3.03,3.03,3.02,3.01,3.01,3.01,3.00,3.00,3.00,2.99,2.98,2.98,2.98,3.00,2.98,2.97,2.97,2.96,2.95,2.96,2.95,2.93,2.93,2.94,2.93,2.94,2.92,2.91,2.91,2.91,2.90,2.91,2.89,2.88,2.88,2.88,2.89,2.89,2.87,2.86,2.86,2.85,2.84,2.84,2.82,2.81,2.81,2.82,2.81,2.81,2.80,2.80,2.80,2.78,2.78,2.77,2.76,2.75,2.76,2.75,2.74,2.74,2.73,2.72,2.72,2.71,2.70,2.69,2.69,2.68,2.67,2.67,2.66,2.67,2.65,2.64,2.64,2.64,2.61,2.62,2.62,2.59,2.59,2.60,2.59,2.59,2.58,2.56,2.55,2.56,2.54,2.53,2.53,2.50,2.50,2.50,2.50,2.49,2.49,2.46,2.47,2.47,2.43,2.45,2.44,2.41,2.40,2.40,2.40,2.40,2.40,2.39,2.39,2.39,2.35,2.36,2.34,2.33,2.32,2.32,2.31,2.32,2.31,2.28,2.29,2.28,2.24,2.24,2.25,2.22,2.22,2.22,2.21,2.22,2.21,2.17,2.19,2.17,2.15,2.14,2.14,2.12,2.12,2.12,2.12,2.12,2.11,2.09,2.08,2.07,2.05,2.05,2.05,2.02,2.02,2.01,2.01,2.02,2.00,1.98,1.98,1.96,1.94,1.94,1.94,1.92,1.90,1.91,1.91,1.90,1.90,1.87,1.88,1.87,1.84,1.83,1.82,1.79,1.80,1.79,1.81,1.80,1.80,1.77,1.76,1.75,1.73,1.73,1.72,1.69,1.69,1.70,1.69,1.69,1.69,1.66,1.65,1.66,1.61,1.61,1.61,1.58,1.59,1.58,1.58,1.59,1.59,1.54,1.55,1.54,1.52,1.52,1.51,1.48,1.49,1.48,1.48,1.48,1.48,1.45,1.46,1.45,1.42,1.41,1.41,1.38,1.39,1.38,1.38,1.38,1.38,1.35,1.35,1.34,1.33,1.33,1.30,1.28,1.28,1.27,1.28,1.28,1.27,1.25,1.25,1.25,1.22,1.21,1.20,1.18,1.18,1.17,1.18,1.17,1.17,1.15,1.14,1.15,1.11,1.12,1.12,1.08,1.08,1.09,1.08,1.07,1.09,1.05,1.05,1.05,1.03,1.02,1.03,1.00,0.99,1.00,1.00,0.99,0.99,0.96,0.96,0.96,0.93,0.94,0.94,0.89,0.92,0.90,0.90,0.90,0.91,0.86,0.88,0.88,0.84,0.85,0.84,0.81,0.81,0.81,0.82,0.82,0.81,0.78,0.79,0.79,0.76,0.77,0.75,0.73,0.73,0.73,0.72,0.72,0.73,0.70,0.70,0.71,0.67,0.68,0.68,0.65,0.65,0.65,0.65,0.65,0.65,0.62,0.62,0.62,0.60,0.60,0.60,0.58,0.58,0.57,0.59,0.58,0.58,0.55,0.55,0.55,0.54,0.53,0.54,0.51,0.52,0.52,0.51,0.52,0.52,0.49,0.49,0.49,0.48,0.48,0.47,0.44,0.46,0.45,0.46,0.44,0.46,0.44,0.44,0.43,0.42,0.42,0.42,0.40,0.41,0.40,0.40,0.39,0.39,0.39,0.40,0.39,0.37,0.38,0.38,0.35,0.36,0.36,0.36,0.36,0.35,0.35,0.34,0.34,0.33,0.32,0.33,0.31,0.32,0.32,0.32,0.32,0.32,0.30,0.31,0.30,0.30,0.30,0.29,0.28,0.29,0.29,0.28,0.29,0.29,0.27,0.27,0.27,0.27,0.27,0.27,0.27,0.26,0.26,0.27,0.26,0.27,0.27,0.25,0.25,0.25,0.25,0.26,0.25,0.25,0.25,0.24,0.25,0.24,0.24,0.24,0.24,0.24,0.24,0.25,0.25,0.24,0.24,0.24,0.25,0.24,0.24,0.23,0.25,0.24,0.24,0.24,0.24,0.24,0.24,0.25,0.24,0.24,0.24,0.24,0.24,0.25,0.25,0.25,0.25,0.26,0.24,0.25,0.25,0.26,0.25,0.26,0.26,0.26,0.26,0.27,0.27,0.28,0.27,0.26,0.27,0.27,0.28,0.28,0.28,0.30,0.29,0.29,0.29,0.30,0.29,0.29,0.28,0.29,0.31,0.31,0.31,0.32,0.31,0.32,0.34,0.35,0.33,0.33,0.33,0.32,0.36,0.36,0.35,0.37,0.37,0.36,0.38,0.38,0.37,0.38,0.38,0.38,0.39,0.39,0.39,0.40,0.41,0.40,0.43,0.42,0.43,0.42,0.43,0.43,0.44,0.44,0.45,0.45,0.47,0.46,0.48,0.48,0.47,0.47,0.48,0.48,0.51,0.50,0.50,0.52,0.52,0.52,0.54,0.54,0.55,0.54,0.54,0.54,0.56,0.55,0.56,0.57,0.58,0.58,0.60,0.60,0.61,0.60,0.60,0.60,0.63,0.63,0.63,0.66,0.67,0.66,0.68,0.68,0.68,0.67,0.69,0.68,0.71,0.70,0.70,0.74,0.72,0.72,0.77,0.76,0.77,0.76,0.76,0.76,0.79,0.79,0.78,0.81,0.82,0.81,0.85,0.85,0.85,0.84,0.84,0.84,0.87,0.88,0.87,0.90,0.90,0.91,0.93,0.94,0.93,0.94,0.94,0.93,0.96,0.96,0.97,1.00,1.00,1.01,1.02,1.02,1.03,1.03,1.02,1.03,1.05,1.06,1.06,1.08,1.08,1.08,1.12,1.11,1.12,1.12,1.10,1.12,1.14,1.15,1.14,1.16,1.18,1.18,1.22,1.21,1.21,1.21,1.20,1.21,1.25,1.25,1.25,1.28,1.28,1.28,1.30,1.32,1.32,1.32,1.32,1.32,1.35,1.35,1.35,1.38,1.38,1.39,1.41,1.42,1.43,1.42,1.43,1.43,1.45,1.45,1.45,1.48,1.48,1.49,1.53,1.52,1.53,1.52,1.52,1.52,1.56,1.55,1.55,1.58,1.58,1.59,1.62,1.62,1.63,1.62,1.62,1.62,1.66,1.66,1.66,1.69,1.70,1.70,1.73,1.72,1.72,1.74,1.72,1.73,1.75,1.76,1.77,1.81,1.79,1.80,1.83,1.84,1.83,1.84,1.84,1.84,1.87,1.88,1.88,1.91,1.90,1.90,1.94,1.94,1.94,1.94,1.94,1.95,1.97,1.97,1.98]

